500101.75248312723 4653748.1921199635 40648
577281.0339715058 4659083.203853287 26076
324912.9568631409 4772222.046194164 16667
307730.8885956793 4617383.032446866 12167
635543.0555899804 4744892.75966051 18129
700371.0779305404 4671695.670100827 19848
441819.54961769603 4692620.890853832 15673
356761.132598183 4510987.838286518 6317
657549.953347969 4594202.7005666075 42745
439820.10038596904 4731431.812832332 13229
704731.0222008517 4641411.509086843 49116
577771.1212920157 4615363.106306281 16355
323908.4930298479 4733677.547294037 20260
249377.94506129314 4697543.693170273 102172
401967.04823166336 4784147.18373563 15543
478869.1957379023 4802758.81569208 7598
607283.2536557951 4576796.488162174 21704
326695.0025123816 4694802.243771077 10350
401247.02238225954 4736697.920120744 9815
285215.538465854 4734786.638264171 12072
440524.1622821962 4803006.294315888 10866
239944.56441505297 4808087.476043545 11581
491679.6316983366 4575881.831968327 33309
568725.7272518418 4576426.236412329 10511
617539.1146074183 4614260.661823998 130882
511013.4507028635 4542070.451107622 7970
286334.8801256435 4773450.9476850135 14398
674084.7895905352 4703997.854608043 93653
588636.9373247362 4511890.67551051 7570
478513.530477052 4731139.620127773 10680
375073.73959228804 4615743.955410326 10954
588359.8424848003 4542813.9072593795 16843
325764.2555700674 4805037.451069289 16667
517181.397633303 4767485.648491203 16303
511092.71313833847 4510250.010430928 12887
549832.52919065 4510912.30436225 8753
433994.8082172141 4542275.8013738915 9286
556821.3151534192 4702195.730656731 131090
697959.2261170105 4612214.350839086 165224
236904.40500801508 4736717.130387076 24986
517096.0287522672 4800413.235358082 10776
413469.31810023874 4615303.282179192 66135
363397.717386271 4771285.792249413 9421
280092.49912640365 4513774.979162726 7441
394960.4876137401 4510100.704838915 5131
517175.39935006644 4731018.69843775 14867
318720.9880395075 4544342.049535152 10740
453028.98740776273 4576020.537038693 46225
433609.83698068175 4509929.688542232 8457
402790.0306772053 4697952.747547761 38013
364968.9365968666 4693838.758533526 9670
530046.8503445998 4576022.782031294 22381
422884.53434641723 4654245.751319701 26306
615889.0702693808 4659473.1942888545 211226
495526.67687453935 4614915.804961661 36842
318449.8507216093 4512018.245226507 15932
293102.5165126154 4695779.990361425 7089
302837.81979824393 4656649.380226905 17096
357154.75395288516 4543364.438789573 4029
655223.617473161 4626174.9307779735 18499
345996.3811974587 4655465.81246656 20816
341387.5057521192 4616499.32544649 6119
634213.3821851852 4703379.06858506 17764
480213.0181960606 4692418.581415305 17534
241310.47614881877 4774890.092390018 33704
376909.47679163644 4576509.491696391 7682
395556.1216494113 4542577.916044831 12534
279643.0419033939 4545781.179279964 15059
472359.4554570882 4509883.089107757 6403
255060.43185268436 4659750.047059031 9243
265544.84899465425 4618393.545207096 14928
472450.54623656353 4542068.837428665 8898
364029.5604215732 4804163.059926664 10302
452270.7561902937 4615009.026380752 430640
595537.5453411121 4702694.194206181 20958
555562.4002396846 4767703.400250521 12439
653118.3643812824 4531812.994361312 40325
338676.8314861699 4577340.781513521 13956
631594.4690704672 4793646.431828684 14330
415016.54556122835 4575959.418601243 15679
478769.097865415 4769895.933004468 44151
594408.2650894469 4746184.52934377 20880
555787.4940775286 4736007.827673854 24276
538665.7759405683 4658725.224199468 17767
287459.7764033722 4806199.4359578965 6462
622432.3316419843 4538426.112069009 20145
538993.2977260305 4615060.435254818 18914
440229.52838482894 4770161.004555639 11341
593803.5226881447 4793726.599249584 21056
654459.9323133925 4664918.394405551 20638
362577.11126474495 4732649.116916665 7310
384380.98681687453 4654735.252937073 9336
645903.4248351292 4564469.637592352 11387
549643.6303733495 4542319.204013086 35625
628589.7487954552 4500115.941057127 35862
461507.68630886084 4653896.395592922 89542
517160.5903829891 4694411.395330361 12453
287263.1450338743 4579251.519984359 93158
555331.2584802093 4800657.5199218625 9566
